93337
0
0
0
0
0
0
0
0
0
0
0
0
0
0
0
0
0
0
0
0
0
0
0
0
0
0
0
0
0
0
0
0
0
0
0
0
0
0
0
0
0
0
0
0
0
0
0
0
0
0
0
0
0
0
0
0
0
0
0
0
0
0
0
0
0
0
0
0
0
0
0
0
0
0
0
0
0
0
0
0
0
0
0
0
0
0
0
0
0
0
0
0
0
0
0
0
0
0
0
0
0
0
0
0
0
0
0
0
0
0
0
0
0
0
0
0
0
0
0
0
0
0
0
0
0
0
0
0
0
0
0
0
0
0
0
0
0
0
0
0
0
0
0
0
0
0
0
0
0
0
0
0
0
0
0
0
0
0
0
0
0
0
0
0
0
0
0
0
0
0
0
0
0
0
0
0
0
0
0
0
0
0
0
0
0
0
0
0
0
0
0
0
0
0
0
0
0
0
0
0
0
0
0
0
0
0
0
0
0
0
0
0
0
0
0
0
0
0
0
0
0
0
0
0
0
0
0
0
0
0
0
0
0
0
0
0
0
0
0
0
0
0
0
0
0
0
0
0
0
0
0
0
0
0
0
0
0
0
0
0
0
0
0
0
0
0
0
0
0
0
0
0
0
0
0
0
0
0
0
0
0
0
0
0
0
0
0
0
0
0
0
0
0
0
0
0
0
0
0
0
0
0
0
0
0
0
0
0
0
0
0
0
0
0
0
0
0
0
0
0
0
0
0
0
0
0
0
0
0
0
0
0
0
0
0
0
0
0
0
0
0
0
0
0
0
0
0
0
0
0
0
0
0
0
0
0
0
0
0
0
0
0
0
0
0
0
0
0
0
0
0
0
0
0
0
0
0
0
0
0
0
0
0
0
0
0
0
0
0
0
0
0
0
0
0
0
0
0
0
0
0
0
0
0
0
0
0
0
0
0
0
0
0
0
0
0
0
0
0
0
0
0
0
0
0
0
0
0
0
0
0
0
0
0
0
0
0
0
0
0
0
0
0
0
0
0
0
0
0
0
0
0
0
0
0
0
0
0
0
0
0
0
0
0
0
0
0
0
0
0
0
0
19
0
0
0
0
0
0
0
0
0
0
0
0
0
0
0
0
0
0
0
0
0
0
0
0
0
0
0
0
0
0
0
0
0
0
0
0
0
0
0
0
0
0
0
0
0
0
0
0
10
0
0
0
0
0
0
0
0
0
0
0
0
0
0
0
0
0
0
0
0
0
0
0
0
0
0
0
614
0
0
0
0
0
0
0
0
0
0
0
0
0
0
0
0
0
0
0
0
12
0
0
0
0
0
0
0
0
0
0
0
0
0
0
0
3
1
0
0
0
0
0
0
0
0
0
0
0
437
2
0
0
0
0
0
0
0
0
0
8
0
0
0
0
0
0
0
0
0
0
0
0
0
0
0
0
0
254
0
0
0
0
0
0
0
46
0
0
0
0
0
0
18
0
0
0
0
0
10
0
0
0
0
0
154
0
0
0
0
99
1
0
0
0
6
0
0
0
1
196
0
0
0
27
0
0
0
4
0
0
0
91
0
0
0
17
0
0
2
3
0
0
4
0
0
5
0
0
6
0
0
7
0
0
123
0
31
0
0
20
0
0
258
0
28
0
22
1
0
46
0
15
0
8
0
11
0
5
0
3
0
8
0
135
0
9
3
14
84
0
14
0
32
59
0
20
9
2
8
9
0
2
2
0
7
2
12
1
34
26
16
22
0
40
22
12
7
7
0
3
4
12
2
8
28
44
7
13
34
18
1
12
11
1
6
6
7
26
23
11
19
55
10
9
2
7
7
2
35
20
13
28
9
13
4
10
11
9
18
30
20
30
7
5
5
9
7
45
27
31
8
5
7
9
37
43
35
17
8
8
20
60
39
30
9
3
16
32
38
19
15
0
6
11
59
8
19
2
11
44
25
15
5
8
36
12
3
6
4
15
1
2
3
4
5
2
1
6
2
1
7
4
5
0
5
2
2
2
7
4
2
2
0
3
0
1
1
0
3
1
0
3
3
1
0
1
1
2
2
0
2
3
1
0
2
0
4
1
1
0
2
0
1
2
0
2
0
2
3
0
2
2
0
2
1
2
2
0
1
1
1
0
0
3
3
1
1
0
3
1
2
0
3
0
2
3
1
2
3
1
3
0
1
0
0
0
0
2
3
0
0
1
1
0
2
1
0
1
0
1
0
1
0
0
2
1
1
0
1
1
1
0
0
0
1
1
0
1
1
0
0
0
2
1
1
1
2
0
0
0
0
0
0
1
1
0
0
0
0
0
0
0
0
1
1
0
0
0
0
0
0
1
